100 100
37 79 95 18 73 77 59 59 15 44 15 9 5 45 86 33 60 14 70 65 2 5 96 72 83 93 21 0 18 99 18 61 30 61 52 0 43 2 29 52 61 39 13 4 29 97 36 23 45 9 78 61 19 38 51 98 59 46 4 85 60 68 17 45 6 1 94 94 96 56 80 38 30 1 9 23 68 24 44 68 12 60 49 83 3 17 90 39 25 18 66 75 31 42 52 20 54 56 18 3 
96 84 77 44 93 39 89 92 59 72 92 32 8 57 19 52 4 96 32 84 38 74 27 53 82 58 35 96 28 60 54 27 14 29 80 16 7 1 98 42 77 39 19 29 0 1 81 19 70 71 72 79 77 60 7 92 35 65 11 91 86 85 62 44 33 9 6 37 31 66 32 66 72 59 63 27 88 56 47 38 11 97 71 84 76 72 56 23 77 25 49 4 52 71 42 11 2 43 10 20 
3 89 63 47 31 56 50 69 90 13 24 60 41 53 75 20 22 94 7 59 28 69 16 88 92 62 80 29 63 10 87 45 80 21 18 41 89 88 53 32 80 12 89 35 31 90 11 27 22 64 42 0 81 35 86 30 0 16 51 53 41 48 22 69 11 26 33 24 94 16 32 21 51 55 70 40 36 6 97 25 96 24 25 69 49 71 30 14 28 99 3 26 60 97 50 41 5 3 27 34 
90 63 23 68 14 53 48 44 98 55 24 59 67 8 76 36 23 24 72 80 36 47 63 98 63 39 53 81 9 79 83 15 32 50 18 69 4 85 59 32 67 22 1 71 51 80 22 34 64 9 17 94 69 39 38 51 93 83 13 67 34 73 11 20 92 54 87 69 25 22 65 17 81 98 55 51 52 26 24 99 9 96 89 55 90 88 63 18 33 27 34 70 72 84 89 85 88 40 77 88 
64 85 8 93 16 78 89 66 60 58 0 37 10 94 66 97 0 28 16 30 54 48 69 44 65 99 22 17 71 1 23 49 32 17 74 36 64 74 84 72 65 30 56 54 9 50 36 63 26 25 24 58 97 97 39 48 89 90 63 43 79 35 50 64 57 66 49 86 19 23 72 49 28 57 2 76 64 4 17 99 94 46 95 27 91 88 37 74 1 95 92 33 42 55 96 57 96 98 85 7 
29 30 38 19 85 26 31 48 16 37 55 39 93 84 69 93 57 7 9 20 61 67 99 35 14 25 51 29 87 32 74 84 69 13 70 70 35 55 29 29 80 41 81 25 86 61 91 8 51 0 50 62 79 19 64 7 70 39 79 5 89 88 33 2 37 57 9 43 57 67 3 32 46 15 54 98 28 83 59 86 3 25 3 3 82 30 36 53 12 32 52 82 76 27 21 96 62 45 8 84 
5 19 53 41 54 69 63 13 72 13 97 96 51 71 32 4 79 39 27 43 43 74 7 25 2 18 96 8 83 42 69 68 40 5 17 91 15 44 25 23 54 9 71 18 66 93 27 63 95 51 73 65 55 43 61 73 41 4 24 56 35 15 75 12 1 34 11 9 4 9 4 31 85 97 70 17 47 1 9 76 49 80 47 34 17 46 43 64 39 4 61 94 63 88 4 26 37 1 62 93 
50 50 85 53 65 68 16 61 7 94 64 94 2 86 58 63 94 80 57 67 38 57 64 12 45 81 54 82 94 62 38 82 96 65 90 20 19 27 6 21 10 37 1 3 9 61 68 33 7 65 31 38 84 68 2 34 81 26 28 49 11 69 69 34 62 93 87 3 73 41 80 96 28 54 17 42 75 56 80 57 99 73 41 12 37 25 77 58 34 86 93 56 85 23 42 67 75 73 75 23 
10 37 90 53 50 49 82 38 32 29 89 9 38 5 1 95 90 84 9 35 31 95 95 67 95 48 57 49 63 8 44 9 29 60 32 55 67 21 75 94 79 78 78 11 9 93 49 97 5 99 54 5 44 73 88 54 35 70 11 96 14 68 76 83 61 86 10 83 8 42 70 22 7 39 82 89 70 14 8 51 8 23 98 58 37 86 37 88 81 23 94 90 98 59 75 35 37 70 8 48 
77 37 55 70 42 24 90 33 11 43 49 25 1 40 46 57 5 74 11 76 11 82 64 74 74 68 58 23 96 40 37 47 28 8 86 52 22 43 96 80 1 97 96 55 4 32 89 4 52 92 99 91 7 25 55 69 96 7 52 16 62 21 69 29 45 99 62 69 58 38 90 73 4 91 28 95 95 5 89 39 45 10 62 33 27 16 18 64 46 38 35 22 58 26 7 36 97 25 98 45 
69 3 53 27 30 41 81 60 68 27 16 13 91 7 82 94 94 41 72 58 61 91 41 8 93 87 86 55 4 16 2 41 37 77 81 48 98 98 15 37 59 74 38 39 96 82 84 56 83 6 46 3 41 13 27 1 5 7 86 69 81 53 99 74 99 91 55 58 76 72 94 75 84 37 24 24 45 20 12 25 95 27 60 20 22 87 67 75 61 4 35 26 11 2 67 49 52 47 77 83 
52 30 85 81 55 96 56 8 87 79 40 58 13 48 2 42 75 78 62 63 70 80 21 90 13 61 1 98 35 60 58 63 39 55 43 9 90 72 34 54 51 45 78 91 39 29 62 52 86 69 94 79 14 45 92 84 49 76 25 6 45 4 98 62 49 34 32 20 63 57 24 34 7 53 12 46 12 58 15 40 13 69 64 18 18 69 34 41 89 87 47 51 66 97 17 60 19 22 4 82 
16 34 27 34 17 3 8 54 12 53 46 35 20 89 36 12 50 33 69 32 3 9 79 48 62 68 8 51 87 15 92 37 6 0 27 86 80 8 74 59 18 98 20 53 37 92 48 23 61 75 36 53 46 72 74 6 3 14 25 13 71 68 89 84 51 74 53 3 10 86 44 35 53 39 24 10 26 73 37 18 2 56 32 84 21 8 32 53 11 23 89 34 59 47 67 35 78 64 49 47 
8 58 53 73 58 55 74 58 43 56 12 37 28 33 36 89 64 60 57 24 35 49 98 33 60 93 23 0 10 22 15 36 24 48 16 85 18 8 28 80 17 5 89 84 8 5 52 1 41 69 98 99 11 89 39 57 96 91 86 0 81 97 25 49 17 72 66 82 92 71 55 53 57 47 27 83 76 20 18 96 32 71 42 19 50 73 24 52 11 70 61 76 28 8 58 50 15 93 48 32 
53 59 5 36 33 45 13 54 6 54 98 20 32 68 80 8 25 13 68 0 76 11 59 47 47 60 41 79 34 10 92 85 83 74 96 40 12 93 73 99 93 20 18 37 6 92 74 72 57 4 84 78 13 82 79 75 20 79 16 82 16 18 81 23 66 63 52 90 35 31 87 58 39 68 81 45 43 71 37 89 46 62 30 53 74 43 50 57 23 35 89 39 38 53 54 6 90 22 62 54 
11 43 93 33 62 73 33 69 13 16 79 87 62 49 53 74 89 57 78 99 15 75 31 70 24 77 74 14 3 20 56 71 76 49 87 75 34 10 82 53 11 37 84 45 12 60 39 50 79 53 14 48 22 40 72 77 72 1 64 59 69 56 54 71 25 59 34 82 18 95 90 34 58 22 40 42 46 28 94 61 15 91 58 13 50 10 61 25 1 72 87 59 93 10 56 91 69 79 92 2 
70 65 15 77 57 37 60 6 42 7 73 10 93 84 92 91 45 12 11 23 98 16 83 18 12 83 92 33 86 31 51 22 59 60 39 37 5 74 33 20 80 78 0 60 33 11 39 41 53 86 91 92 34 46 34 48 73 91 45 58 22 3 45 91 14 24 17 57 49 16 41 3 91 31 36 78 58 27 63 22 1 21 66 51 17 97 96 45 14 55 41 86 8 53 99 18 50 29 59 30 
6 39 74 42 20 79 89 34 20 46 19 62 3 37 47 83 56 58 6 29 77 71 45 52 52 53 44 48 40 49 55 76 15 10 18 33 86 7 94 75 37 27 27 89 64 52 40 80 2 97 15 83 71 86 65 40 2 55 22 25 23 19 67 50 1 59 10 33 79 56 17 88 65 55 23 72 9 80 24 98 72 60 85 80 83 96 39 94 66 14 20 40 29 32 89 8 1 63 8 73 
20 84 2 12 18 87 58 64 42 70 89 91 81 62 34 33 25 82 37 36 59 3 26 83 62 34 40 77 55 36 43 86 29 21 94 97 76 77 14 11 86 56 48 98 89 47 79 18 42 48 2 51 26 74 54 69 63 40 25 21 13 64 83 42 98 13 52 90 17 69 27 68 1 82 91 52 11 81 57 49 27 6 55 40 65 49 82 72 20 10 1 14 13 26 90 26 87 73 59 25 
60 63 66 49 17 57 91 83 41 40 38 77 51 42 4 35 16 95 73 18 8 9 60 77 24 6 38 83 28 43 35 91 71 72 29 61 56 94 47 39 66 95 93 13 73 48 21 26 3 53 26 16 59 84 5 84 49 95 59 15 33 62 77 47 10 34 7 35 72 41 49 70 68 59 43 45 24 7 81 7 79 0 69 96 27 0 59 10 36 31 9 80 91 96 13 79 95 69 44 52 
18 8 54 95 87 75 73 63 80 75 65 72 69 63 84 98 24 90 48 64 22 69 98 5 94 66 3 4 70 58 92 99 18 55 56 47 91 31 3 12 69 73 29 19 92 11 97 42 94 79 47 74 86 5 84 45 31 52 82 64 3 65 59 36 23 56 12 48 7 88 69 53 33 44 72 40 6 57 31 80 53 53 79 66 31 73 62 52 88 42 61 87 23 41 2 46 87 99 2 0 
87 18 52 38 93 93 79 7 99 0 35 5 76 8 40 3 47 47 62 58 87 27 98 39 76 9 41 33 42 52 73 73 23 0 11 46 35 29 28 85 29 71 23 58 4 27 1 91 98 4 42 10 38 39 67 12 21 95 94 79 78 25 8 58 41 98 87 88 94 60 46 90 61 98 16 74 99 6 23 40 94 83 64 23 60 83 51 12 23 4 17 38 22 3 18 95 77 82 35 80 
5 62 96 21 88 51 92 59 99 52 17 26 39 51 75 49 69 99 15 89 81 46 22 62 22 74 53 3 59 89 58 86 9 45 87 39 26 27 12 47 88 4 95 85 86 3 80 32 65 93 55 73 8 28 40 25 37 0 25 69 72 4 49 53 8 96 22 10 68 89 7 99 85 6 49 88 48 51 59 90 82 57 34 66 67 54 56 86 26 73 87 52 79 86 65 24 85 15 86 16 
70 33 83 23 69 93 68 10 61 69 75 18 15 88 88 96 87 46 2 87 82 0 12 81 33 22 74 90 16 0 81 55 83 75 50 25 0 19 28 8 61 32 98 55 63 11 25 37 63 0 53 81 77 12 10 28 76 1 54 43 96 84 34 39 63 17 93 75 10 78 93 17 68 77 6 94 30 16 70 77 6 70 58 47 34 5 62 7 4 85 87 99 97 67 96 44 74 64 13 59 
75 38 2 6 2 82 32 37 48 81 77 25 68 0 44 15 27 46 99 94 42 10 45 85 16 52 79 82 69 29 22 83 8 77 68 23 65 13 27 86 95 96 15 3 43 73 94 90 41 85 63 96 39 76 27 44 98 31 40 32 89 72 22 74 21 20 3 86 65 71 36 56 86 47 47 54 96 15 18 20 86 9 77 15 77 45 84 53 76 1 62 79 13 29 3 91 92 96 61 18 
79 46 48 0 11 59 12 60 68 24 43 55 20 22 49 16 6 65 58 32 26 59 79 43 31 98 45 14 1 46 7 68 39 39 47 97 60 72 29 65 69 75 86 95 77 90 3 72 48 74 10 14 24 10 98 57 14 1 49 48 61 21 70 34 55 77 0 94 32 7 51 53 8 88 35 8 3 82 7 35 39 32 13 97 56 20 68 69 80 82 20 4 16 67 10 95 63 12 70 89 
3 59 93 61 5 61 54 29 70 93 87 94 71 62 80 78 33 61 81 48 8 66 89 55 54 59 81 78 45 48 64 4 52 16 73 43 8 72 6 59 24 65 15 47 87 61 21 32 97 47 33 74 18 87 78 43 65 4 49 16 55 2 71 65 22 33 99 54 97 49 65 8 19 40 68 22 7 41 3 20 25 84 46 17 86 96 72 41 74 84 42 62 34 73 37 76 98 50 4 54 
86 51 57 58 43 2 72 39 48 60 87 59 90 79 42 65 27 99 59 28 91 35 21 38 62 46 63 83 73 23 13 77 71 40 90 60 17 63 23 37 97 51 18 41 85 6 49 43 24 9 87 40 44 59 51 57 35 66 59 9 16 65 39 31 96 39 25 85 65 0 32 58 77 59 13 39 96 23 45 23 23 88 7 44 16 33 51 44 33 66 82 14 43 44 24 58 61 94 70 25 
16 35 16 37 3 60 73 35 66 53 47 78 84 70 80 44 58 86 86 55 20 53 11 3 26 98 5 12 53 23 93 5 3 64 12 22 45 18 93 8 31 10 50 58 4 68 14 39 98 47 96 68 0 1 95 32 63 97 86 58 45 25 51 52 48 34 66 53 13 12 2 13 30 14 70 93 20 73 67 16 96 18 9 73 67 15 44 23 86 96 17 25 69 66 83 97 94 37 68 1 
49 24 61 83 86 86 57 76 3 11 93 79 68 91 67 60 21 94 65 82 39 66 65 57 10 34 65 15 99 60 4 31 97 86 40 99 87 75 78 9 56 28 73 10 87 65 40 76 32 92 66 43 80 90 76 87 79 31 43 86 81 37 12 29 54 64 0 32 32 63 36 60 39 56 69 38 38 54 44 59 23 54 37 44 22 1 7 58 60 16 66 64 61 75 46 50 37 54 86 95 
51 84 47 91 2 81 34 10 38 14 39 52 58 24 53 47 60 39 76 54 81 74 71 71 95 52 1 82 19 43 0 89 64 7 89 95 24 65 92 38 6 19 93 47 35 19 10 16 48 61 25 52 28 67 30 92 80 53 53 58 31 8 61 71 71 39 27 97 41 82 12 52 18 12 68 85 18 79 52 18 70 29 10 79 56 18 25 91 96 42 48 8 80 81 55 37 4 52 63 11 
95 0 60 63 81 51 88 59 22 79 21 64 61 17 41 36 83 90 90 76 35 55 23 25 78 30 27 73 82 85 42 67 66 80 9 76 62 14 45 42 58 15 16 23 73 86 86 47 21 53 9 17 2 31 64 23 60 20 54 63 23 25 39 63 59 5 49 14 98 27 13 59 69 67 40 44 42 44 71 72 69 1 99 34 12 81 10 60 72 33 57 90 27 77 7 26 8 64 89 59 
19 40 32 36 22 34 35 61 6 44 51 83 6 66 80 6 23 64 54 27 88 59 65 68 53 23 32 45 33 19 66 5 99 37 66 36 55 99 73 44 46 33 6 58 56 8 95 96 17 63 69 75 20 17 53 40 9 42 45 82 75 0 34 30 66 98 79 47 92 38 23 11 39 97 15 2 99 73 92 76 53 24 84 67 52 9 62 25 8 78 75 86 12 60 82 50 78 15 70 6 
3 11 30 22 26 34 36 38 8 34 93 23 55 50 30 82 39 27 44 94 60 87 51 16 91 78 49 57 99 56 85 39 20 50 93 39 11 53 81 62 38 67 87 53 86 72 80 14 79 21 30 81 8 32 40 2 17 15 69 22 34 95 97 57 64 93 82 57 13 47 86 31 92 60 48 13 60 89 76 82 17 31 50 95 39 82 14 66 36 12 6 47 2 50 13 23 96 7 54 77 
96 12 43 59 31 93 50 87 43 27 10 85 64 0 21 1 61 60 65 36 15 38 6 56 78 19 45 21 5 48 99 75 5 61 69 29 98 43 23 17 14 7 12 78 30 26 10 17 69 69 6 61 50 63 99 22 81 23 61 22 30 17 62 65 52 84 42 72 13 79 88 40 44 65 19 35 36 52 41 48 82 17 73 38 76 96 1 24 41 13 48 41 1 79 25 58 76 68 13 18 
53 61 21 32 1 83 24 62 97 19 80 6 95 4 48 37 10 26 54 64 45 49 84 26 9 14 48 12 15 86 32 24 73 65 47 81 37 61 39 85 45 39 78 95 89 13 95 10 78 65 31 94 68 80 43 7 25 27 84 93 3 25 90 78 46 82 63 49 65 38 89 45 63 22 61 88 6 45 51 88 15 10 73 98 51 44 68 4 4 3 8 74 71 65 7 80 7 10 1 3 
95 50 73 38 35 46 29 99 34 97 77 94 66 78 18 35 17 41 9 54 66 83 76 6 26 42 2 8 8 51 96 89 29 78 76 22 62 97 38 66 20 1 12 25 61 26 77 6 64 95 53 47 4 89 96 32 79 12 29 47 97 11 60 48 58 92 74 52 81 61 65 15 12 4 33 11 92 59 22 9 37 37 43 55 43 38 61 16 94 27 24 92 12 67 19 49 88 1 64 99 
28 67 81 31 86 87 84 25 91 54 25 63 75 22 46 97 84 74 72 55 77 18 65 5 17 32 54 75 98 26 93 53 4 72 16 10 13 68 72 9 81 96 21 48 50 15 84 34 73 41 54 75 59 74 50 61 29 10 56 15 68 9 87 57 63 87 76 43 16 16 46 55 0 81 24 74 72 88 99 27 9 19 40 87 80 65 20 31 55 74 73 81 61 61 18 68 35 37 78 53 
55 52 0 84 76 83 3 83 74 1 20 74 95 75 36 67 32 75 14 84 30 47 87 50 99 12 36 38 44 64 72 78 88 21 59 13 39 66 41 0 69 17 0 2 61 16 35 18 79 38 9 40 58 87 48 51 64 72 6 10 57 22 56 70 56 5 60 48 67 59 80 60 26 2 82 32 49 63 7 14 5 69 33 74 78 98 70 20 78 82 51 52 44 37 14 12 32 73 43 23 
8 37 22 6 59 80 73 76 99 73 93 29 64 17 42 63 63 49 78 17 11 68 40 99 83 74 38 73 57 95 58 20 18 56 36 97 33 16 2 70 2 58 83 58 27 69 51 92 29 78 94 5 25 85 42 22 87 37 84 46 18 48 80 43 45 93 48 70 13 63 8 4 72 90 49 90 43 78 72 0 76 5 15 22 61 13 13 39 75 92 65 47 95 1 6 28 5 4 28 3 
26 27 24 27 90 78 24 97 27 37 75 42 44 84 77 26 6 15 48 85 3 4 6 61 90 56 13 34 53 31 41 77 34 8 89 23 2 73 66 54 96 12 56 88 93 39 5 82 41 78 26 62 73 49 98 97 25 14 65 72 19 19 56 33 46 30 97 94 60 96 34 18 11 2 15 72 22 41 25 8 85 68 56 54 52 98 11 22 86 40 72 54 6 79 70 54 54 61 8 22 
45 84 48 42 16 14 94 66 84 21 66 9 46 86 41 46 65 74 54 29 6 78 51 11 80 35 45 97 5 79 78 49 20 33 25 87 16 54 33 75 75 75 51 1 20 12 87 65 87 16 87 25 23 94 45 56 98 75 77 55 2 55 6 9 46 34 90 28 53 39 49 79 10 37 65 45 82 39 38 9 77 44 96 19 20 18 52 9 28 35 79 75 57 27 63 31 79 64 39 19 
91 89 53 52 15 44 69 55 79 16 31 61 85 36 90 89 27 16 98 50 14 59 20 3 18 36 89 73 65 82 15 31 44 79 61 96 8 85 88 11 80 73 50 31 96 98 41 48 98 12 66 72 63 32 16 99 88 97 42 65 16 12 1 68 55 9 52 2 71 82 89 20 7 37 73 97 18 33 85 29 81 91 54 11 71 75 31 98 47 90 82 65 45 31 35 25 49 81 82 87 
33 52 17 24 71 11 82 8 10 71 23 42 14 90 34 73 45 19 74 61 65 43 62 57 35 73 84 80 47 84 97 25 63 3 12 73 67 10 32 31 68 0 6 68 17 16 85 65 22 99 83 7 27 7 64 34 69 86 51 21 30 36 21 6 3 76 30 40 65 75 93 90 87 23 76 80 78 5 66 89 26 65 90 87 67 0 56 16 11 38 44 37 46 22 86 38 54 12 38 41 
97 80 11 47 42 1 4 42 73 2 91 96 28 12 85 70 29 97 91 82 75 69 80 83 1 98 96 62 72 55 30 62 82 53 28 63 87 44 11 21 70 12 54 6 9 26 24 4 1 56 46 28 30 82 59 7 29 22 29 73 74 59 4 6 90 87 85 87 66 33 59 34 89 98 18 62 7 53 23 83 79 28 3 42 58 26 99 78 85 57 52 65 6 25 83 22 59 48 11 73 
9 52 90 3 66 86 82 6 87 95 57 2 51 69 43 8 31 91 43 46 77 13 60 34 89 16 44 17 60 94 63 44 59 78 70 63 23 67 51 13 10 23 38 78 48 97 65 26 95 27 60 47 74 98 50 26 63 40 7 89 25 0 36 3 47 60 4 90 14 23 27 46 97 45 33 47 48 62 19 46 61 44 28 47 20 59 51 53 0 85 0 4 21 83 3 84 10 28 33 46 
80 43 57 21 51 39 29 4 93 27 39 81 8 28 61 81 11 53 34 87 50 57 87 2 49 67 70 4 99 45 13 92 27 16 39 38 42 72 41 88 90 67 71 25 60 67 30 29 82 71 95 95 82 72 0 86 63 0 5 71 25 82 5 4 60 87 68 25 11 66 38 80 45 66 36 9 12 59 41 54 75 90 7 40 8 32 35 74 94 41 66 64 67 64 36 88 59 59 1 50 
63 13 91 11 61 15 87 17 72 63 12 74 90 52 6 82 53 99 14 82 1 69 42 53 29 44 48 8 57 39 4 91 12 80 55 21 34 46 72 81 65 6 84 38 69 85 42 40 67 7 27 54 30 86 78 59 44 22 79 38 82 45 85 57 91 75 43 9 31 88 58 1 37 37 60 2 70 39 68 52 37 51 16 16 43 64 14 4 89 76 34 94 15 33 2 51 64 37 63 0 
34 38 7 79 40 59 31 10 67 84 60 53 36 84 21 58 98 55 45 10 68 16 14 97 48 22 2 97 50 53 96 13 38 9 3 20 3 92 38 41 16 39 2 31 75 14 45 48 28 13 90 83 11 37 95 37 31 47 88 44 60 99 82 54 98 8 28 60 96 15 38 3 38 97 34 77 54 98 15 47 55 53 54 16 76 24 83 83 44 35 30 82 25 70 19 17 5 50 34 67 
27 23 96 83 55 54 34 16 58 58 13 99 44 15 62 81 48 20 40 78 99 73 88 30 62 32 56 79 62 46 20 73 39 14 3 85 47 71 54 90 22 13 96 59 90 59 72 35 53 45 86 3 13 74 79 54 12 5 79 68 27 46 87 3 94 96 14 94 46 51 98 9 48 75 86 49 58 30 37 49 28 52 20 56 76 44 38 60 51 91 49 36 57 72 86 89 98 45 40 44 
82 60 76 59 57 80 95 47 20 99 10 5 85 0 43 64 84 29 89 24 6 31 88 25 44 3 51 97 62 22 92 73 1 76 47 92 68 3 72 87 69 52 13 63 29 64 35 81 80 33 27 73 21 52 95 79 0 99 99 20 67 99 82 8 29 0 1 4 73 34 83 63 74 6 14 0 75 93 76 82 65 80 76 88 84 70 61 10 8 39 48 72 7 28 40 68 40 2 6 30 
34 54 11 63 80 57 94 69 7 0 95 10 52 86 29 68 7 11 50 84 79 24 70 47 5 14 7 71 40 66 29 21 23 86 28 40 80 29 92 15 40 26 90 2 32 58 47 84 22 54 64 21 97 3 60 21 35 41 64 75 12 18 88 71 50 86 44 45 58 82 62 55 7 63 68 52 24 46 71 23 82 30 80 28 55 56 52 11 14 91 77 72 27 40 49 15 28 88 13 82 
62 72 5 27 74 40 31 10 0 18 51 78 4 71 27 59 70 89 6 58 83 46 0 34 24 94 74 8 31 93 10 82 36 12 27 56 84 86 31 57 78 90 89 94 43 42 90 37 37 93 96 67 8 11 68 4 49 56 38 93 63 84 70 67 0 13 16 25 71 87 66 18 96 27 76 12 95 67 70 94 29 26 10 47 78 63 64 99 4 10 36 49 95 38 50 86 43 47 45 11 
20 63 36 77 36 0 5 85 76 18 41 55 82 41 85 71 21 37 65 86 47 73 88 64 21 79 67 75 60 3 29 39 13 93 65 12 73 73 31 97 64 5 39 68 71 46 19 57 89 8 28 4 36 66 5 82 11 78 51 54 26 9 83 68 1 24 37 91 33 83 1 70 12 94 41 3 49 73 40 33 53 90 59 26 0 72 46 87 96 4 51 39 67 76 31 45 77 26 77 21 
52 13 97 85 12 57 1 7 77 38 80 36 12 18 26 43 1 33 29 34 77 73 51 22 34 64 37 57 0 56 29 66 64 54 97 87 84 67 2 54 89 82 78 60 78 29 45 20 39 15 30 89 6 71 22 93 24 60 48 47 74 5 47 67 5 58 95 99 94 23 78 53 99 65 54 64 96 56 7 77 36 20 22 72 19 61 14 89 62 84 78 31 57 27 14 98 81 52 63 90 
38 16 67 64 25 80 34 94 91 33 29 72 46 53 89 6 70 68 6 69 14 93 0 49 63 23 44 4 13 41 95 30 52 76 24 35 50 94 67 96 7 62 27 92 80 76 45 54 54 18 43 45 4 56 16 86 44 48 20 89 4 67 84 13 98 99 79 52 85 39 24 65 96 10 19 63 95 49 99 40 71 95 98 52 56 21 25 45 43 91 59 17 7 21 62 1 98 1 19 82 
79 73 90 35 94 69 96 39 52 95 97 96 75 39 16 85 47 77 71 30 24 23 64 45 66 78 16 96 56 76 77 85 49 60 1 83 0 78 35 37 92 55 22 80 63 4 22 80 32 17 84 51 72 80 9 25 42 24 2 40 48 89 66 0 11 90 28 15 39 99 91 95 99 49 4 51 76 48 37 63 39 9 75 3 91 5 95 44 57 27 35 62 78 99 25 38 56 57 35 41 
65 84 24 90 19 87 91 97 10 2 50 83 22 75 3 22 3 95 17 14 86 67 28 22 95 43 58 71 43 56 58 42 51 32 75 83 28 14 35 43 89 90 94 84 89 40 41 76 78 82 47 88 49 54 20 20 59 25 18 29 33 59 85 3 20 63 7 36 6 29 94 87 50 46 40 9 81 82 83 4 33 72 69 77 77 35 65 82 15 51 87 46 53 4 28 29 42 93 3 39 
12 54 76 53 0 59 41 6 52 36 5 72 97 20 22 20 30 1 30 43 23 88 0 5 72 19 96 31 22 73 66 64 74 41 84 75 42 60 30 89 32 81 71 25 81 27 18 12 37 33 90 99 80 40 98 22 75 76 39 54 59 14 66 38 7 41 54 75 70 2 16 26 78 51 58 26 95 62 4 48 26 36 60 94 29 63 71 12 75 56 10 78 51 70 50 17 36 97 93 44 
82 15 69 18 71 9 46 80 92 12 69 12 72 85 86 34 27 3 80 5 19 14 34 21 33 66 97 15 85 11 70 76 72 67 56 43 94 54 49 31 38 48 16 50 78 38 73 90 38 1 2 78 83 12 1 79 70 61 97 84 43 9 23 55 70 50 81 70 54 53 96 54 5 42 50 30 71 48 86 11 17 96 80 71 55 95 39 22 13 87 86 80 15 67 30 62 29 31 87 81 
67 50 79 7 25 31 62 93 57 85 83 98 90 62 1 24 67 16 5 18 54 1 28 39 30 19 35 41 62 93 33 43 73 87 40 60 6 24 78 35 28 8 43 33 68 67 33 7 5 20 37 38 94 98 64 78 67 73 63 11 19 78 41 78 75 60 10 99 27 32 27 94 43 91 98 1 6 45 51 97 17 10 97 54 11 97 40 55 73 18 70 58 42 20 34 51 39 7 26 60 
20 51 48 74 26 63 28 54 65 68 96 14 60 59 7 17 7 92 95 6 29 43 9 69 59 45 62 9 64 55 26 64 1 70 96 37 25 56 67 45 70 67 61 58 31 52 27 24 59 0 86 17 94 11 10 44 15 61 94 21 73 93 88 0 20 77 58 62 70 37 68 5 40 62 1 38 58 93 25 54 45 93 95 22 39 72 83 61 18 73 67 21 97 66 10 49 0 74 43 32 
9 89 74 8 91 80 43 86 25 81 43 51 72 43 0 99 58 22 61 54 63 67 24 70 71 20 9 65 19 81 87 5 73 91 1 2 24 35 21 1 27 7 24 91 6 35 45 42 73 21 60 59 67 59 8 37 95 33 83 88 80 38 82 49 93 28 54 78 20 39 61 51 74 25 73 98 52 29 6 77 37 42 92 20 58 79 53 33 26 86 36 91 89 85 66 3 78 78 45 41 
63 87 24 63 70 83 42 49 44 53 64 14 93 78 6 41 82 50 29 78 44 59 2 20 30 59 50 40 5 46 49 2 92 21 10 28 76 71 40 1 65 40 26 92 15 11 16 51 7 78 18 94 66 74 88 72 81 82 68 44 11 80 28 0 30 92 24 44 51 55 53 25 35 74 35 7 82 87 78 82 30 21 91 80 95 78 32 63 35 37 50 27 94 23 87 31 10 90 39 7 
55 82 50 34 19 52 85 79 67 88 83 34 85 46 74 41 43 1 61 29 16 45 67 41 17 72 69 38 22 48 11 42 16 74 0 86 71 53 73 78 51 29 16 54 8 34 1 41 16 73 89 88 24 12 35 63 10 58 22 11 51 21 60 31 24 16 5 24 39 26 23 33 21 74 95 57 61 98 55 41 41 75 42 87 54 67 69 41 70 75 17 20 50 32 41 54 87 57 63 2 
53 94 11 69 60 49 11 93 33 43 14 98 69 51 20 11 39 76 89 67 20 77 50 95 41 77 1 61 79 85 6 67 47 40 56 88 62 22 68 71 25 88 0 73 72 69 53 75 83 46 82 87 84 20 48 12 33 28 79 53 45 51 18 82 85 40 88 48 46 1 7 40 38 64 80 1 90 28 20 20 6 4 87 47 38 18 54 74 96 84 6 54 64 98 7 45 37 51 80 98 
43 23 99 94 55 4 32 44 22 7 35 72 37 60 6 70 36 37 46 36 72 4 65 34 70 92 0 37 21 83 66 84 48 37 0 63 80 9 77 10 54 4 6 58 76 42 58 54 78 52 75 35 80 67 51 75 14 1 67 20 62 71 74 38 16 66 19 34 89 39 74 15 90 25 75 60 59 43 65 77 88 85 57 54 63 75 15 30 47 41 71 71 27 38 20 58 31 18 24 59 
21 86 42 86 90 72 50 74 18 55 7 58 69 13 38 44 82 45 65 95 79 43 27 54 69 53 26 63 93 74 63 22 32 52 26 82 19 46 69 27 21 65 59 82 26 6 66 77 81 82 77 46 76 98 18 78 8 77 69 74 36 15 43 21 3 46 25 26 3 41 87 88 24 82 55 63 3 85 66 78 32 42 89 20 88 51 32 73 90 43 99 66 82 9 84 74 24 81 57 70 
6 96 9 82 99 90 32 93 74 80 80 67 85 0 99 46 24 57 4 30 41 31 13 96 2 89 36 84 78 40 56 1 31 8 65 31 23 1 1 1 76 91 62 70 76 30 3 13 83 51 61 0 56 93 62 41 86 40 58 39 58 6 99 63 75 73 44 67 70 13 38 57 22 56 59 86 92 37 92 37 34 61 52 63 21 46 99 44 98 49 64 86 80 46 71 93 59 50 5 94 
45 83 67 36 67 86 37 11 94 92 16 63 50 5 69 64 69 97 64 6 27 55 15 74 63 81 59 41 17 20 70 4 45 57 66 45 83 94 16 6 1 68 77 2 60 17 69 45 83 45 80 68 96 91 53 63 48 95 40 88 15 58 57 83 27 64 92 7 58 74 59 9 35 59 5 70 3 6 42 23 8 91 60 61 88 24 88 69 65 59 21 50 86 97 88 68 19 37 73 80 
28 88 80 12 99 20 3 21 89 69 62 60 97 61 46 94 84 77 6 12 33 34 6 43 97 39 81 66 85 89 93 30 8 55 38 78 7 41 21 16 22 47 46 5 26 94 10 7 16 43 14 52 97 98 75 16 96 11 43 0 27 15 79 20 32 63 29 21 23 2 12 82 25 36 35 35 67 30 6 97 21 17 80 89 14 77 34 7 86 98 15 27 8 9 48 82 30 70 56 61 
80 15 13 47 58 78 50 30 14 31 62 0 27 17 48 87 8 44 45 98 30 39 82 71 5 28 41 36 45 19 72 34 57 54 66 99 77 66 86 19 31 4 53 12 84 56 98 76 88 94 37 1 19 52 48 47 74 65 49 55 48 68 83 65 36 11 85 79 40 12 32 69 45 41 76 51 12 90 19 88 95 81 17 51 56 73 57 51 48 86 64 40 22 97 55 93 37 74 66 27 
14 13 57 85 18 16 27 85 21 49 18 40 82 90 28 60 92 57 96 55 57 37 14 78 37 25 79 93 36 89 8 33 55 72 84 57 79 33 17 98 67 2 22 25 21 52 87 52 24 58 26 75 0 62 87 60 79 5 62 37 75 23 15 26 45 55 35 19 9 29 48 23 92 94 4 94 29 60 20 92 23 78 90 58 46 0 46 77 76 70 15 61 48 76 42 51 59 70 99 93 
76 37 39 70 82 47 17 67 3 76 20 4 34 64 51 22 61 67 91 46 50 77 50 12 5 62 3 27 55 85 43 92 83 99 16 79 2 75 44 21 23 33 4 46 72 77 11 91 60 18 28 92 17 69 37 61 80 19 39 5 75 56 12 65 77 21 23 55 67 85 56 83 92 92 38 36 6 31 1 74 82 43 52 8 77 28 23 41 34 29 3 33 96 29 66 4 93 63 26 59 
61 65 67 19 31 29 84 61 94 59 88 50 73 35 27 91 28 33 96 45 1 67 71 54 70 34 62 43 99 79 31 27 33 14 7 31 44 84 26 8 34 99 83 54 93 98 18 93 37 45 92 19 6 16 9 23 16 71 59 27 15 34 96 44 44 91 50 18 24 0 47 6 66 90 75 64 75 27 57 17 90 29 81 11 75 94 5 78 0 46 21 86 66 24 41 71 40 85 88 35 
89 75 90 29 31 29 69 10 27 44 19 72 18 94 34 60 42 86 83 82 11 17 73 48 53 11 28 68 49 94 29 13 59 73 43 63 16 58 11 39 54 35 90 4 34 21 73 1 65 58 93 10 82 87 56 52 65 69 89 41 39 56 32 94 1 8 82 25 80 77 10 9 57 7 46 36 11 9 98 58 21 22 6 89 59 78 73 69 3 61 65 86 53 22 10 87 17 78 56 74 
29 56 93 24 81 42 98 79 25 3 96 78 43 24 34 14 5 11 5 2 69 52 45 21 22 98 61 57 25 13 57 68 35 89 82 74 82 7 47 89 35 79 36 15 80 5 32 55 20 15 8 83 46 35 48 91 84 56 22 18 38 13 80 57 82 76 38 78 45 27 30 20 93 1 11 67 93 7 68 42 53 60 3 93 47 31 40 24 16 65 65 61 97 33 56 92 71 84 6 22 
41 23 11 51 61 77 93 4 66 69 7 64 35 23 55 68 40 94 83 4 81 31 61 43 37 89 25 96 10 44 35 75 41 53 67 53 65 27 7 21 39 28 18 55 15 2 82 90 4 15 41 22 16 51 87 71 55 9 23 31 50 96 73 26 95 31 22 83 88 5 93 46 91 37 63 31 62 28 40 9 75 31 53 4 67 78 42 39 73 44 82 89 14 65 83 0 54 94 84 23 
43 10 37 76 91 50 25 43 84 24 48 54 51 27 30 90 57 21 32 88 3 55 27 82 0 71 97 69 96 32 39 23 72 21 34 85 67 82 80 44 94 13 40 38 78 61 26 45 99 78 2 99 60 19 65 45 68 43 12 30 93 19 18 6 62 88 22 41 30 49 54 91 41 77 16 13 17 56 41 44 75 79 89 72 8 69 39 34 10 80 1 5 66 15 60 33 16 7 23 23 
2 83 83 94 97 30 13 26 23 27 86 27 92 3 41 92 5 21 3 42 57 0 39 85 2 73 58 94 1 78 78 31 30 24 4 69 58 36 39 56 97 0 54 6 27 53 70 56 27 75 90 13 37 51 54 19 5 9 42 41 83 16 80 22 22 31 22 25 81 8 93 8 9 19 45 5 33 62 87 28 8 27 21 33 75 66 5 87 49 75 44 72 33 48 39 69 52 55 16 21 
57 20 80 29 76 91 15 54 14 73 26 34 36 40 40 12 67 17 5 82 3 58 39 33 69 80 19 24 64 97 25 34 88 33 89 31 29 12 22 11 41 64 24 87 67 79 82 14 67 54 82 10 39 4 15 65 73 53 36 8 67 3 27 98 8 3 99 44 15 50 98 11 97 16 79 35 65 76 57 50 86 63 28 98 46 76 61 43 41 44 42 61 33 66 56 50 85 64 20 2 
93 42 68 27 82 12 55 9 77 60 1 52 81 25 4 47 88 49 99 19 29 65 21 78 76 79 25 60 86 51 10 6 12 28 97 9 67 96 84 13 32 15 67 88 59 94 60 76 68 0 57 0 42 37 27 14 76 1 22 46 69 94 23 32 62 66 74 65 21 25 5 65 13 21 60 12 84 70 4 11 73 99 34 18 47 59 92 41 33 12 46 2 1 62 8 80 25 84 2 48 
63 77 42 67 54 72 17 49 29 63 66 80 96 39 5 80 89 59 57 16 56 2 50 36 6 54 8 83 60 12 34 80 91 86 40 15 14 85 71 99 29 72 52 78 69 99 90 60 79 30 67 83 67 61 94 58 29 25 0 75 27 8 21 92 66 32 63 12 59 44 1 4 72 68 32 90 66 83 55 12 34 12 13 81 9 92 83 46 91 49 64 31 10 89 40 64 72 28 77 29 
11 89 0 1 71 32 35 55 25 14 1 9 54 81 85 89 95 82 56 89 51 55 8 81 54 38 37 66 60 98 38 22 24 38 9 48 31 13 9 8 17 82 98 97 44 40 53 8 87 6 99 89 58 46 81 32 32 47 30 31 40 48 67 85 68 59 31 69 13 36 63 73 12 66 57 11 69 57 70 25 75 80 87 42 49 99 73 9 61 78 18 67 2 76 28 30 44 49 61 79 
84 23 19 22 12 55 96 52 10 28 47 29 58 27 54 77 8 65 5 83 10 97 58 47 54 6 23 4 63 29 82 93 4 52 49 27 68 39 25 59 30 65 61 15 89 97 80 54 58 13 73 89 36 7 64 90 46 99 18 70 70 77 55 33 35 94 91 52 2 73 31 92 5 97 76 83 70 30 33 96 67 62 39 93 75 67 45 30 41 37 93 55 25 79 12 31 58 57 96 34 
37 81 6 46 33 7 50 16 16 6 65 49 99 10 45 11 35 94 40 87 11 45 88 98 41 0 38 61 65 61 44 45 64 39 6 45 81 41 94 73 64 13 95 19 15 18 47 26 60 52 58 11 40 86 33 29 12 16 39 67 16 3 73 61 20 69 5 21 55 4 59 36 87 9 57 11 34 25 80 29 54 52 7 67 56 59 90 14 39 17 29 87 14 55 15 86 43 37 59 61 
8 52 93 31 75 46 58 50 82 20 8 31 47 79 63 91 82 35 78 30 27 19 94 67 12 32 87 98 97 32 17 39 72 60 4 80 40 46 51 42 58 99 93 1 67 89 48 14 80 78 95 61 2 34 98 87 8 1 81 22 28 56 13 35 43 61 64 2 38 11 5 12 59 18 90 45 38 75 21 90 44 83 4 19 82 44 82 19 58 26 35 50 79 6 55 21 82 93 63 46 
78 44 59 1 41 24 95 86 54 16 60 41 22 1 62 47 57 2 18 81 5 82 60 78 76 28 52 83 22 54 66 37 8 62 44 1 16 14 18 74 20 24 38 59 5 38 39 85 51 95 48 88 38 27 83 19 14 47 50 0 6 2 7 55 57 52 56 99 87 20 55 25 95 11 4 91 9 77 4 82 18 90 54 52 64 45 4 33 94 58 84 45 29 45 7 93 16 98 12 79 
12 75 51 68 24 16 35 5 98 69 68 72 94 4 14 92 38 9 55 28 7 67 0 16 67 5 64 33 41 76 48 41 41 65 2 57 33 2 17 98 9 4 95 96 59 54 72 96 31 11 39 49 23 16 9 5 17 61 79 20 67 58 54 11 47 33 92 78 7 43 28 62 34 64 78 84 99 32 24 68 87 96 83 73 22 48 39 63 40 73 97 61 18 1 79 19 33 81 73 27 
42 73 57 37 83 52 80 6 86 18 5 95 69 89 13 65 41 45 54 67 40 61 51 56 99 5 13 63 67 76 39 99 13 1 15 73 94 57 87 43 90 12 99 40 20 35 35 30 66 73 48 70 41 58 35 93 59 34 57 24 16 65 47 19 55 31 57 22 21 6 74 82 2 25 35 47 78 4 56 69 26 33 69 74 56 41 79 19 73 51 61 13 48 44 13 31 26 91 41 6 
59 69 51 18 28 31 0 41 49 90 28 24 73 9 2 31 58 10 94 12 17 57 47 6 9 3 62 71 55 36 40 12 52 25 89 64 19 27 2 49 86 12 57 58 89 31 59 62 81 80 42 61 74 29 91 25 57 32 18 16 26 18 19 79 24 38 30 43 55 59 58 58 42 6 61 83 8 17 8 72 17 77 51 71 21 57 28 1 40 36 81 60 1 38 64 86 66 30 79 29 
93 26 2 33 15 55 88 70 45 66 56 80 66 88 67 81 93 1 99 73 72 20 28 13 87 63 4 31 23 5 89 13 25 0 22 90 13 2 85 20 50 41 67 35 23 91 75 4 76 51 31 68 41 93 20 62 97 80 64 8 93 38 30 37 78 88 76 15 69 15 96 32 39 5 13 18 67 96 72 42 57 63 20 72 50 36 31 14 42 20 64 31 74 63 23 39 40 0 26 52 
19 92 78 81 90 82 37 79 75 32 89 76 84 14 18 65 95 64 37 2 33 78 6 90 48 26 10 81 24 8 31 59 80 48 87 54 30 92 85 87 85 78 76 27 14 91 69 9 94 85 68 32 33 5 50 66 64 23 51 24 11 30 31 6 80 17 86 0 13 44 95 8 32 68 66 23 75 94 81 87 94 28 31 78 85 80 13 98 70 59 74 8 67 64 25 62 87 63 16 30 
5 85 71 95 47 21 84 8 38 19 16 82 83 67 54 63 18 40 72 57 51 30 60 47 46 79 82 98 82 93 70 93 10 40 83 46 67 70 69 92 36 14 87 30 72 13 11 61 40 30 88 32 4 7 96 34 67 86 63 23 27 69 24 62 94 86 29 13 77 97 39 58 13 99 1 91 54 22 97 5 36 25 35 52 34 17 52 16 44 46 87 3 50 12 50 41 13 6 98 39 
24 47 7 45 66 86 59 53 41 46 42 41 78 81 19 89 82 85 64 67 41 13 45 27 25 4 75 93 51 66 32 74 59 31 99 84 43 25 92 0 34 37 5 57 20 47 41 86 21 10 0 55 91 51 84 28 74 82 16 75 12 73 6 87 72 72 92 23 43 70 11 30 51 24 34 7 37 74 62 71 71 23 11 74 3 91 99 10 23 23 5 75 18 27 3 62 39 8 80 45 
34 73 44 68 67 81 50 87 86 77 86 67 0 3 77 53 46 3 98 80 48 32 98 56 75 27 24 78 53 88 99 39 85 86 9 26 70 53 34 85 0 32 40 95 23 12 81 1 33 90 82 6 0 99 30 95 24 13 23 53 6 18 18 42 55 6 29 22 41 36 37 43 87 97 90 80 49 73 33 53 10 83 95 33 6 70 29 99 29 31 32 67 16 84 78 91 12 71 63 28 
12 32 7 2 90 76 19 4 82 86 54 11 7 17 95 47 24 73 85 13 16 44 85 48 1 21 51 11 76 83 93 50 90 1 81 80 88 98 19 60 28 50 28 87 37 95 39 75 54 44 15 59 69 70 16 19 31 44 50 82 79 65 73 41 64 66 15 11 54 40 8 79 37 22 41 18 3 95 27 20 95 26 95 96 35 73 4 69 17 85 39 11 94 70 14 50 76 82 10 50 
98 62 38 47 77 47 34 76 62 62 19 63 14 45 93 53 91 74 88 82 62 69 80 92 6 82 33 56 31 67 63 92 35 61 14 82 59 68 81 55 38 24 13 42 19 96 23 65 29 56 64 93 60 58 69 52 36 75 82 71 20 19 46 47 80 47 18 37 10 51 88 41 34 19 68 41 2 7 69 57 31 85 5 72 60 36 24 8 38 20 8 54 14 20 29 54 8 23 91 84 
0 39 48 24 12 81 30 34 92 11 16 57 96 58 20 71 74 24 54 44 88 28 55 8 53 87 19 72 16 30 91 59 32 20 37 89 75 11 33 0 95 50 73 58 59 57 88 5 4 31 25 49 46 21 22 87 74 8 91 48 42 69 34 26 96 62 44 82 48 19 35 91 90 55 56 29 76 43 81 31 34 72 43 79 84 83 36 98 79 79 94 60 62 33 74 54 80 4 84 74 
39 44 5 2 40 6 67 38 45 58 74 46 35 61 63 48 18 66 74 21 54 11 20 59 29 48 74 2 48 38 21 10 96 53 71 39 95 61 42 80 47 29 89 96 52 53 70 61 25 68 44 66 12 51 20 42 0 5 3 2 97 35 24 33 66 38 83 13 55 73 15 85 72 93 60 49 73 70 76 85 97 41 57 30 34 93 64 51 6 49 89 17 11 10 32 84 81 61 59 32 

