128 1 0.000363 0.000368 0.000476
128 2 0.000317 0.000355 0.000364
128 4 0.000355 0.000412 0.000541
128 8 0.000370 0.000365 0.000383
128 16 0.000385 0.000375 0.000385
128 32 0.000431 0.000393 0.000528
128 64 0.000424 0.000393 0.000532
128 128 0.000446 0.000426 0.000429
128 256 0.000510 0.000484 0.000618
128 512 0.001263 0.001347 0.001467
128 1024 0.001385 0.001389 0.001403
128 2048 0.009926 0.002228 0.002243
128 4096 0.010420 0.004479 0.004520
128 8192 0.010735 0.009418 0.009342
128 16384 0.013011 0.022163 0.022292
128 32768 0.016990 0.052787 0.052146
128 65536 0.042641 0.107514 0.107075
128 131072 0.063339 0.224844 0.221718
