10 10
24871 23205 20854 21184 27578 31469 30147 18557 21337 32024 
19180 23090 11930 16632 12877 16365 24910 16943 15548 13426 
21964 23918 18745 22028 24766 28719 22945 14739 12551 24110 
12431 16510 11225 15686 16797 12855 19443 11367 15066 14589 
17409 19224 13364 13591 15908 21022 22635 15477 11443 19637 
28156 29466 18418 18366 26170 27222 31537 22779 18889 26802 
22536 28401 19977 22815 18814 14133 37079 22738 24113 24774 
16967 21903 17394 15873 17376 16059 25010 19011 14834 17484 
14453 18402 13479 19085 17275 11190 24351 13944 19177 23263 
17251 18959 15510 14431 19591 19152 24569 14434 18588 22365 
